55 13 64
57 36 46
57 36 89
78 27 39
65 29 60
34 43 64
109 26 57
54 20 52
60 13 70
85 31 112
29 40 89
76 19 77
111 28 5
59 19 100
37 20 73
82 2 111
55 27 113
95 6 50
86 28 24
89 19 99
37 13 20
59 29 134
32 43 18
81 5 50
81 28 36
106 0 35
72 43 124
5 43 45
98 20 49
5 27 118
19 40 52
104 27 59
123 0 34
131 13 27
29 15 43
89 19 49
11 20 73
29 22 96
118 13 25
76 31 28
100 41 131
109 23 134
87 27 4
104 13 20
29 27 87
57 19 99
87 27 77
10 15 43
114 43 67
94 28 100
110 15 92
77 36 128
71 29 15
46 43 107
104 20 57
24 28 99
53 43 98
88 43 108
10 13 55
118 13 16
5 29 82
99 19 5
82 2 59
63 19 89
120 26 23
39 29 114
115 13 118
15 13 102
40 33 103
50 27 17
111 41 16
120 19 113
37 22 96
81 19 21
16 43 18
100 40 81
60 43 98
111 41 58
81 19 73
111 28 89
99 15 92
63 30 27
59 27 87
89 27 38
89 27 122
91 0 15
59 30 50
5 36 44
82 27 5
10 27 87
103 27 77
14 43 0
128 43 107
78 27 57
94 28 113
64 15 92
59 9 99
5 27 12
15 20 73
99 19 110
80 26 81
134 27 116
57 9 49
134 26 1
109 23 15
81 19 45
9 13 4
19 27 17
106 14 96
132 37 102
126 27 99
89 19 125
100 27 131
41 33 80
99 27 59
123 0 29
103 26 77
28 19 116
13 28 27
36 13 17
20 13 134
30 20 73
84 26 81
51 21 43
102 20 81
103 27 87
70 2 59
54 43 107
82 2 113
104 43 126
23 29 66
52 43 108
99 30 58
13 41 16
15 27 50
84 26 77
19 29 86
49 19 109
105 20 100
98 20 52
54 42 52
5 30 99
102 43 107
52 2 59
88 26 46
19 36 128
123 34 43
59 30 87
52 15 92
41 43 107
106 6 49
81 27 115
35 27 73
80 26 77
73 30 77
30 27 77
57 19 5
50 27 58
106 14 67
100 41 12
116 19 19
19 30 12
65 41 1
105 27 116
75 25 19
72 33 90
21 30 5
59 19 50
34 42 89
72 33 109
73 19 103
82 15 43
79 15 43
45 19 116
3 19 73
97 27 87
48 27 72
87 19 50
59 30 122
77 30 89
53 27 113
49 27 9
34 40 73
117 41 9
73 27 115
55 40 28
77 36 89
34 13 55
109 0 105
39 29 68
103 15 43
43 43 92
47 27 5
5 30 4
102 27 63
109 27 50
30 13 7
59 18 21
59 19 110
73 19 52
116 43 108
5 27 28
100 28 27
100 41 25
15 13 82
115 43 18
73 19 21
73 9 100
91 0 104
23 29 101
37 13 8
63 30 17
127 26 52
78 27 5
5 27 27
99 43 63
95 42 49
11 13 70
134 15 92
116 30 87
92 43 93
95 2 5
19 43 63
13 41 58
99 27 9
19 36 23
20 13 29
22 45 125
81 41 12
32 28 59
57 27 99
89 9 50
49 27 58
87 19 73
87 30 9
10 2 113
52 36 39
87 12 113
70 40 59
131 13 1
55 2 83
57 29 70
81 19 89
34 42 73
32 41 38
53 20 19
73 19 49
40 28 90
21 27 59
14 43 93
5 15 92
65 41 36
52 40 50
99 30 131
86 43 18
32 28 50
126 13 134
86 28 52
54 20 73
57 9 100
38 20 19
127 5 77
89 29 86
120 15 43
57 29 29
76 5 59
97 27 19
127 26 50
106 23 10
21 27 1
49 27 131
39 43 23
10 25 1
73 30 25
73 36 52
118 13 12
134 20 19
24 8 132
10 40 28
38 43 107
91 43 80
102 43 64
124 28 103
59 27 74
72 33 103
113 19 88
126 13 15
99 29 82
24 28 132
57 19 125
101 3 50
20 20 57
60 15 92
111 28 24
111 41 56
81 27 74
32 15 92
99 29 70
114 20 57
5 15 43
21 19 3
31 13 105
71 41 131
50 27 5
116 30 5
77 43 45
40 28 91
28 30 118
89 27 63
89 27 125
47 20 89
113 19 19
27 28 29
89 26 57
60 20 73
46 43 23
32 28 78
89 19 120
82 40 63
54 8 96
79 5 19
100 41 56
21 27 50
85 31 69
10 40 77
67 20 81
89 27 27
30 13 64
41 29 48
32 41 4
97 27 59
113 30 4
81 19 59
76 19 116
53 27 73
19 27 5
55 2 111
70 27 28
57 27 58
70 27 59
131 28 10
30 43 18
126 13 95
77 5 89
37 20 52
28 19 110
89 27 74
134 20 73
98 20 73
7 27 5
109 26 19
109 34 92
81 27 9
53 40 100
63 27 58
70 20 73
19 19 73
115 13 16
35 20 100
99 30 12
57 26 50
99 30 115
21 30 17
99 19 116
77 19 5
11 27 63
39 43 107
111 28 50
106 0 42
75 7 5
106 6 89
28 30 116
14 43 107
122 15 92
61 43 93
54 42 77
61 17 128
28 30 16
81 26 42
99 27 1
38 28 134
74 43 18
49 40 100
59 30 118
109 16 126
57 18 19
112 43 93
30 20 57
95 6 89
10 13 35
86 28 81
88 15 92
39 14 66
126 22 96
82 20 50
20 20 19
70 43 18
39 11 125
91 0 89
49 41 118
34 27 73
65 43 117
75 19 109
55 20 57
54 42 79
95 6 73
12 20 89
87 9 5
63 19 116
65 28 77
34 13 64
52 36 128
100 9 49
87 15 43
115 28 53
83 28 57
50 19 103
6 26 100
60 27 19
59 30 89
42 5 99
109 27 113
63 27 113
106 18 78
15 27 57
131 28 134
123 26 77
80 26 49
30 20 89
46 14 96
75 9 79
123 0 104
88 5 89
78 14 67
77 36 39
134 20 100
83 41 1
126 20 50
47 22 96
59 19 49
22 29 66
87 30 77
28 30 19
34 42 52
15 13 95
58 45 120
87 30 17
19 19 106
106 16 7
53 20 89
19 19 100
78 43 103
91 26 19
17 15 43
21 27 38
37 20 81
134 22 96
128 11 90
86 28 78
8 20 52
7 43 107
111 35 86
113 29 134
5 19 63
7 20 49
32 28 89
66 43 93
29 20 81
86 28 100
57 12 73
26 7 78
63 27 115
34 43 98
95 40 5
50 5 19
19 9 89
21 18 59
110 43 45
89 30 16
78 40 87
82 20 81
81 27 36
95 40 100
57 19 52
60 13 95
59 27 5
77 29 134
31 20 89
100 27 5
5 29 29
29 27 50
9 13 58
111 41 115
120 26 22
90 34 92
57 30 77
28 19 57
89 19 78
55 2 59
78 27 50
57 43 108
70 2 21
3 19 49
28 19 81
31 43 107
8 20 100
102 13 7
87 29 10
22 11 106
111 28 94
53 20 57
120 26 43
5 30 25
5 30 1
83 29 104
128 29 66
106 23 34
65 28 73
51 6 50
11 27 28
109 0 59
24 28 113
109 16 64
99 27 76
21 43 116
19 29 132
89 43 116
79 5 99
81 15 43
77 27 57
21 27 63
88 27 120
113 30 21
70 43 107
60 15 43
34 20 19
7 13 35
99 29 10
89 43 108
83 41 58
123 0 30
109 0 53
60 27 89
67 20 49
49 41 17
64 22 96
123 26 50
114 20 81
49 28 89
77 30 87
109 26 81
111 41 122
81 41 1
28 15 43
37 27 89
89 27 57
31 27 73
49 27 16
17 13 4
75 31 132
34 43 37
54 42 89
57 30 19
73 30 59
95 43 107
23 11 130
75 5 77
65 41 74
38 20 89
105 27 73
83 41 131
106 0 113
71 28 1
28 30 122
82 43 98
69 26 100
73 27 28
49 19 81
90 43 129
100 19 63
30 13 35
73 5 28
73 29 53
89 36 51
91 0 60
78 3 89
26 7 88
15 13 60
115 13 38
13 28 21
22 11 90
6 26 77
50 29 70
47 27 87
19 15 92
50 30 36
128 29 68
30 20 50
77 15 92
59 27 38
34 27 63
123 0 11
99 19 3
57 40 77
51 45 88
81 27 12
28 19 50
73 29 20
95 27 28
19 19 52
73 19 113
97 27 73
78 3 50
113 27 87
75 31 87
71 29 102
131 15 43
112 15 92
90 26 50
55 40 77
50 19 110
57 19 45
77 29 29
55 40 57
123 14 114
88 26 43
71 8 132
5 19 81
50 5 87
28 19 89
91 14 114
34 6 50
125 26 69
123 26 81
61 17 51
29 27 99
50 29 134
57 36 51
71 28 21
11 27 73
58 45 125
60 20 49
52 19 73
55 40 63
20 2 28
73 30 89
105 43 47
29 40 5
28 30 1
57 27 118
