2724 26 2269
2724 26 1112
1654 26 1112
2006 127 711
678 127 3474
3024 127 707
1796 127 2911
2445 127 88
1784 127 894
2572 127 3673
2002 127 3528
1981 127 2386
1242 127 2998
3536 127 2000
1054 127 3410
3599 127 662
2498 127 383
950 172 3595
1288 172 360
2285 172 1182
706 172 1204
950 172 2457
1407 172 2442
2368 172 3411
619 172 327
1407 172 3743
900 172 1549
2912 172 649
2285 172 3696
1342 172 1604
2912 172 1107
619 172 1866
706 172 2770
1559 172 3667
2285 172 1809
668 172 607
2397 172 2333
668 172 48
2368 172 2418
1342 172 3041
2906 172 1379
619 172 2246
1407 172 1118
668 172 260
306 172 465
3295 172 73
2818 75 232
2833 75 358
87 75 1106
147 75 423
2451 75 1611
2901 75 34
388 75 2842
2029 75 2272
1776 75 329
3339 75 3729
1442 75 3642
1005 75 1653
3026 75 1587
3728 75 912
3105 75 1158
1757 75 2369
786 75 1077
99 75 2737
2355 75 2666
1422 75 2849
87 75 251
2058 75 1303
615 75 2927
3000 75 65
905 75 474
2255 75 2749
3557 75 2971
2759 75 3578
3290 75 614
1290 75 842
2749 75 608
1158 75 3105
401 75 8
2121 75 1136
567 75 1036
1817 75 3480
831 75 2943
1672 75 2215
3181 75 55
3453 75 2283
245 75 3366
888 75 670
2805 75 1649
3659 75 1485
337 75 1100
3049 75 3216
643 75 222
2014 75 924
1365 75 2618
509 75 2737
3119 75 1603
1485 75 1045
2518 75 3440
2609 75 1597
3302 75 3098
3158 75 2315
213 75 211
125 75 1291
322 75 3701
3687 75 216
2835 75 3193
1876 75 712
3321 75 3170
3523 75 2506
742 75 2250
2686 75 1045
1672 75 2711
379 75 3013
2766 75 2705
3123 75 3508
303 75 3248
2384 75 2658
3216 75 820
1689 75 856
2610 75 3175
3719 75 3302
65 75 3350
3396 75 3098
981 75 2210
485 75 808
3115 75 2469
2476 75 3728
1608 75 3422
1733 75 493
1354 61 1507
2893 61 469
2319 61 63
3045 61 63
1930 61 1502
2094 61 1507
3579 61 1502
177 61 469
2247 61 63
3418 61 1507
980 61 469
94 61 1507
2318 61 1502
1384 61 469
3063 61 1507
770 61 1502
3451 61 469
1403 61 1507
880 61 1507
2082 61 1502
2129 61 1502
2897 61 469
1791 0 1507
1225 0 63
1899 0 1502
2897 0 63
3293 0 1502
2222 0 1507
1103 0 1502
1596 0 469
2279 0 1502
333 0 469
726 0 1507
1498 0 1502
2918 0 469
3387 0 63
1096 0 1502
3407 0 1507
2619 0 1502
2196 0 469
2327 0 469
2471 0 63
3765 0 1507
2526 0 63
1369 4 2160
1694 4 412
543 4 1630
2190 4 638
2243 4 2723
112 4 2207
1001 4 635
2042 4 784
3156 4 3437
2665 4 1824
2798 4 3406
1063 4 3435
1664 4 3435
1533 4 1228
829 4 1191
3171 4 381
3658 4 2389
2309 4 290
1007 4 2324
1452 4 620
3205 4 1542
3428 4 1182
3666 4 1232
1554 4 1244
99 4 2660
1678 4 1836
157 4 2168
2092 4 131
49 4 3094
1030 4 3324
676 4 3726
1307 4 1616
957 4 810
1461 4 1489
975 4 1355
3317 4 1556
3097 4 2408
1700 4 3595
2452 4 1487
3277 4 1360
18 4 2379
1922 4 369
925 4 3237
1092 4 1707
1716 4 1725
1623 4 1267
2801 4 3650
1012 4 572
2536 4 2630
3064 4 32
3123 4 1293
2216 4 3421
581 4 298
1700 4 2335
2111 4 2831
2674 4 2143
2472 4 3702
1862 4 604
1677 4 3739
3559 4 1284
3272 4 2430
3459 4 541
3708 4 3446
1950 4 2065
2547 4 1495
1312 4 1979
1282 4 747
1387 4 1675
3074 4 3145
2028 4 1891
693 4 2531
204 4 876
1818 4 1093
1867 4 3619
65 4 108
2288 4 1529
3772 4 1474
2590 4 2006
2561 4 2260
721 4 2548
3132 4 70
1686 4 52
2373 4 1389
894 4 2706
88 4 923
2053 4 1026
1471 4 809
2587 4 61
2460 4 2173
2482 4 1536
1802 4 1701
3746 4 1014
3708 4 372
1811 4 2485
3123 4 1209
2719 4 2428
448 4 1968
1395 4 2978
3065 4 3169
737 4 1357
3715 4 3159
3469 4 2820
2793 4 2077
196 4 2807
781 4 1264
1 4 3184
1732 4 3462
33 4 664
2887 4 2819
365 4 1888
2555 89 511
2090 89 2153
2812 89 2997
2758 89 1274
1466 89 1531
3736 89 2865
1947 89 1663
3762 89 3613
1873 89 816
748 89 3603
347 89 642
1156 89 1306
2903 89 3521
115 89 262
198 89 1688
179 89 2521
2667 89 3390
2771 89 2495
500 89 2532
2148 89 1341
684 89 259
1880 89 461
1043 89 2268
3507 89 132
2392 89 1727
903 89 1660
545 89 2564
1332 89 897
1085 89 1824
2076 89 2145
497 89 1299
903 89 2736
2486 89 1131
198 89 294
421 89 3446
3736 89 467
1730 89 3598
2537 89 2193
453 89 3090
3356 89 723
1730 89 819
2669 89 1676
3608 89 3300
3762 89 3626
3714 89 560
2765 89 1355
3762 89 2047
3631 89 79
841 89 24
2076 89 2391
1340 89 3581
2468 89 2160
2771 89 298
903 89 2374
1332 89 1209
545 89 671
391 89 3603
1460 89 265
558 89 717
3565 89 1278
2415 89 1347
1745 89 335
1745 89 1530
2940 89 1328
1935 89 1927
347 89 2150
1285 89 1477
2816 89 209
3762 89 2870
3762 89 3399
1332 89 2932
697 89 2932
3215 89 1719
471 89 316
1466 89 415
347 89 2952
1430 89 2429
1332 89 2457
249 89 3360
3714 89 1526
2816 89 2271
2486 89 2074
697 89 692
903 89 2633
1544 89 1651
115 89 1783
903 89 3352
500 89 3446
3668 89 973
1417 89 944
2940 89 302
1276 89 2408
982 89 5
3608 89 1812
2669 89 2683
1276 89 2413
2298 89 2488
2148 89 2577
497 89 723
2681 89 959
1807 89 634
3215 89 2416
2223 89 1380
500 89 949
3668 89 1114
1276 89 3446
340 89 2645
680 89 3300
697 89 2263
903 89 599
3205 94 2588
1161 94 410
3249 94 2314
1200 94 3694
1309 94 2284
3049 94 3098
1422 94 663
802 94 3167
2941 94 325
1814 94 1185
1163 94 1444
885 94 2554
1822 94 1949
1423 94 881
968 94 1163
955 94 2877
87 94 1324
1485 94 2490
3031 94 1457
2825 94 3544
1667 94 722
854 94 820
358 94 2696
1166 94 3088
330 94 608
2567 94 2717
1431 94 271
2788 94 324
851 94 2255
2434 94 1009
802 94 2220
1370 94 2378
2950 94 1767
3049 94 2618
1339 94 3606
2208 94 1334
2443 94 656
1862 94 3118
1236 94 223
1615 94 296
523 94 1949
1817 94 3584
1938 94 234
2407 94 483
138 94 745
307 94 3289
1874 94 406
2827 94 885
1309 94 2640
3226 94 3658
3121 94 2167
274 94 3410
1222 94 2198
127 94 2007
1665 94 3346
2631 94 1468
1551 94 252
3141 94 3216
310 94 881
2753 94 1737
910 94 3480
1038 94 1018
1072 94 1024
460 94 3417
1290 94 842
1351 94 1077
1970 94 473
850 94 154
388 94 948
1817 94 2844
2382 94 2525
2028 94 3672
2542 94 2824
3567 94 1623
931 94 584
2073 94 1478
1970 94 3638
3544 94 796
283 94 493
3194 94 2439
2469 94 705
1819 94 1230
2560 94 3489
1535 94 1220
2474 94 3205
1481 94 1905
2604 94 3506
2649 94 3457
3591 94 2114
710 94 1009
2369 94 1677
3414 94 1655
3103 94 1905
3048 94 2067
1113 94 83
611 94 2372
3238 94 2284
681 94 2117
690 94 2295
31 94 3640
2885 94 3314
1423 94 1856
40 94 111
2175 94 2462
1952 94 3156
631 94 1614
2943 94 933
3582 94 2953
848 94 1471
2261 94 3678
848 94 1756
1290 94 385
2403 94 3196
1160 94 307
2849 94 1373
2793 94 204
1597 94 1555
2401 94 1803
1177 94 3251
3195 94 3597
166 94 1668
154 94 258
1040 94 3577
3379 94 1324
112 94 3141
1338 94 2059
1508 94 2522
2412 94 772
2481 94 201
2749 94 851
2412 94 3719
2631 94 1154
3098 94 140
3242 94 673
1324 94 2178
3207 94 3651
3755 94 1801
802 94 2086
3102 94 3543
263 94 416
2713 94 612
3552 94 1555
2986 94 850
3236 94 3413
3403 94 1425
2956 94 2510
1344 94 1237
459 94 3342
2991 94 484
641 94 3670
2314 94 1587
2295 94 3638
1577 94 1485
1304 94 399
1395 94 358
2289 94 2828
2476 94 2866
2140 94 2161
1665 94 1658
803 94 1252
3371 94 1914
1867 94 3369
2314 94 483
2690 201 495
349 201 976
1521 201 1255
3664 201 2182
906 201 1149
1966 201 976
546 201 2455
2043 201 1892
2924 201 158
2182 201 3061
2455 201 1841
1566 201 3149
1537 201 1566
906 201 655
2166 201 3149
1255 201 3629
2043 201 495
3664 201 1128
3664 201 2573
3017 201 1735
1098 201 674
2810 201 674
3243 201 2455
625 201 3225
1566 201 1892
1129 201 1983
3664 201 349
1935 209 3409
3608 209 2441
2804 209 1685
2305 209 203
2305 209 119
2958 209 3688
2940 209 695
1301 209 2922
3408 209 1335
445 209 2625
2851 209 3452
1947 209 1330
1908 209 3725
82 209 1421
3609 209 732
2804 209 1509
3109 209 2888
1997 209 2922
3359 209 3116
1880 209 2529
1027 209 2922
3007 209 1509
397 209 392
421 209 119
1880 209 695
2934 209 3569
320 209 1490
961 209 3725
903 209 891
3278 209 2113
1935 209 1523
3714 209 1820
261 209 3688
1956 209 3647
72 197 2626
3076 197 2626
231 197 2626
1557 197 2648
9 197 2626
1627 197 2626
3296 197 2626
2704 197 2626
3358 197 2626
3169 197 2626
346 197 2626
1081 197 2626
1483 197 2626
875 197 2626
1969 197 2626
872 197 2626
2615 197 2626
969 112 610
3426 112 686
3603 112 2595
3239 112 112
2204 112 2073
454 112 1208
2531 112 3357
2479 112 365
1530 112 2083
3412 112 3164
2500 112 3511
1078 112 208
2585 112 552
2675 112 2871
2850 112 2424
1445 112 1319
687 112 1381
1688 112 621
1705 112 1193
2337 112 322
3239 112 84
9 112 354
2972 112 1140
747 112 1484
3011 112 3396
1707 112 2941
437 112 1020
725 112 3176
2532 112 2544
3693 112 962
2138 190 1205
2143 190 743
1857 190 2056
1634 190 2431
3152 190 1243
2414 190 1162
719 190 3436
2985 190 348
1138 190 2032
1189 190 1973
81 190 521
2442 190 3315
2748 190 1693
2089 190 2228
3757 190 3706
1238 190 3671
923 190 3628
1099 190 1205
1898 190 451
922 190 1273
1657 190 3315
374 190 1693
1690 190 1061
2520 190 606
3685 190 2240
658 190 3611
1386 190 207
1898 190 306
1768 190 348
1563 190 2056
1075 190 1693
1274 190 3436
3494 190 1693
2138 190 3083
3228 190 3461
2985 190 3315
735 190 2064
629 190 3611
935 190 1693
2437 190 2017
760 190 3695
17 190 3129
2324 190 2431
2105 190 1693
466 190 2383
3311 190 3695
3769 190 1253
1547 190 2017
1840 190 1205
1514 190 1650
2052 190 2228
936 190 3129
1212 190 2056
1630 190 2303
450 190 3083
1419 190 2011
769 190 2431
1690 190 2228
1134 190 2383
1539 190 2064
3323 190 1693
607 190 2799
1957 190 1162
1547 190 3706
1051 190 2303
2559 190 1205
3727 190 3695
1263 190 2799
1616 190 2856
963 190 3695
3228 190 2056
3592 190 3706
2192 190 3594
3757 190 2056
30 190 306
1386 190 3461
1550 190 3378
2124 190 2383
974 190 1896
2614 190 3628
1550 190 1973
1616 190 2661
2218 190 1162
2065 190 2056
2217 190 2961
2338 190 3083
607 190 3436
2333 190 2856
541 190 1499
1138 190 2480
2218 190 743
769 190 3628
2614 190 3611
759 190 3615
2775 190 1693
1749 190 3611
3768 190 513
3044 190 306
967 190 1358
3481 190 1205
3090 190 521
1783 190 1693
2815 190 1693
76 190 3615
911 190 1266
1004 190 3436
2106 190 501
1270 190 306
3006 190 3315
868 190 2799
846 190 3315
923 190 3706
3618 190 3706
22 190 1693
997 190 1693
1328 190 3286
231 190 419
620 190 3611
2489 190 1162
3618 190 3611
3690 190 2011
1355 190 1253
2775 190 1253
603 190 2480
2592 190 2228
1778 190 1693
2883 190 2856
1138 190 2961
952 190 1693
2437 190 2799
2398 190 306
760 190 1656
1821 190 192
1118 190 2056
2132 190 3286
541 190 1572
524 190 2228
2406 190 2799
373 190 958
2143 190 1835
2192 190 2383
2575 190 1693
3090 190 3695
1514 190 1693
1364 190 2017
1386 190 2240
2100 190 1572
3327 190 2856
1644 190 2799
2614 190 521
3401 190 521
985 190 1253
3090 190 2856
878 190 2228
2348 190 414
2019 104 2165
2984 104 3114
1076 104 242
1783 104 3114
2173 104 3114
1451 104 3114
3627 104 3114
2884 104 242
587 104 3114
837 104 2504
3757 104 3114
3039 104 2112
2437 104 3114
2055 104 2112
1328 104 3114
3208 104 3114
699 104 3114
939 104 2657
3380 104 3114
2130 104 2397
3733 104 3114
1475 104 3114
1429 104 3114
3434 104 3114
3466 104 3230
1142 104 1959
768 104 3114
1311 104 3114
175 104 3114
290 104 3114
3662 104 1179
1115 231 727
839 231 3493
1362 231 1316
149 231 953
1606 231 2597
3605 231 1023
1693 231 704
1693 231 3015
306 231 2651
13 231 1439
299 231 393
1645 231 367
1115 231 3070
1693 231 2360
3605 231 2593
1265 231 3516
1693 231 1868
1314 231 2789
1115 231 3514
1314 231 3657
1645 231 3057
1397 231 727
1999 231 1349
1572 231 332
563 231 3570
306 231 1517
3124 231 1764
2762 231 189
3484 231 3057
1645 231 97
3706 231 2194
677 231 1703
947 231 2302
2021 231 425
750 231 3344
1896 231 3153
1243 231 250
1358 231 1201
972 231 3309
3051 231 3479
2571 231 1167
2383 231 3297
306 231 2562
1693 231 78
646 231 2533
1314 231 3185
306 231 2347
28 231 1192
1896 231 1974
1693 231 478
299 231 3587
1545 231 865
1837 231 996
743 231 752
1693 231 1271
1424 231 2843
1693 231 2181
2863 231 2664
3717 91 1693
3656 91 1693
3332 9 229
821 9 639
2974 9 2464
1934 9 3504
2691 9 782
3476 9 75
2551 9 75
2330 9 3504
1181 9 778
1613 9 75
275 9 2036
3019 9 2608
1562 9 1924
3660 9 782
2029 9 3684
3576 9 3684
2613 9 2464
1512 9 778
3187 9 2464
1069 9 1413
3019 9 2459
3675 9 3504
2497 9 3504
3510 9 2917
3164 9 1413
241 9 75
2102 9 2464
2832 9 2464
2321 9 778
1894 9 2464
2252 9 2464
438 9 782
3526 9 2670
3612 9 1924
2131 9 1590
2646 9 778
1277 9 75
2939 9 1413
3163 9 2917
278 9 3684
2583 9 3425
1571 9 778
2111 9 782
3548 9 2464
3506 9 2050
305 9 778
3067 9 3684
3530 9 1413
1575 9 778
2179 9 160
2926 9 229
1771 9 3504
802 9 2464
3003 9 2464
2874 9 778
289 9 2464
757 9 3504
797 9 2235
11 9 3504
3645 9 121
2274 9 2464
3325 9 2464
1743 9 229
2286 9 75
2365 9 3210
404 9 3210
3655 9 3008
1394 9 3684
3273 9 2459
2926 9 2459
1855 9 782
665 9 2996
2025 9 2464
1260 9 2464
2844 9 2464
496 9 2459
902 9 1413
181 9 2464
3766 9 778
1827 9 2511
2308 9 970
281 9 121
3590 9 782
2836 9 2464
3173 9 1195
1560 9 778
1017 9 1496
707 9 1195
3588 9 121
2186 9 2464
3065 9 121
1548 9 3684
2096 9 1924
594 9 2464
3252 9 3504
3166 9 782
2814 9 778
3087 9 2050
3080 9 229
756 9 1413
926 9 1413
174 9 75
2594 9 782
3018 9 2996
2848 9 3504
441 9 2464
3509 9 2464
1470 9 2996
2788 9 2236
3636 9 1924
1307 9 778
2718 9 2464
1294 9 1924
2261 9 3684
2226 9 3504
237 9 2464
548 9 1924
1642 9 2459
1673 9 1924
2342 9 194
2258 9 3504
2060 9 778
1955 9 2464
2599 9 2236
3526 9 2608
481 9 1367
3218 9 2050
2344 9 3684
1694 9 2996
2653 9 2464
1155 9 2464
2949 9 2050
2935 9 2464
3706 55 3754
3364 55 2259
351 55 2487
765 55 343
1462 55 3392
1462 55 3391
141 55 343
3231 54 2555
176 54 585
2473 54 421
2640 54 2527
142 54 2889
774 54 564
455 54 1838
3563 54 3408
1649 54 2990
540 54 3359
2933 54 2211
1920 54 1085
20 54 763
892 54 794
1813 54 684
3122 54 3531
1050 54 376
405 54 1322
227 54 1332
1258 54 2767
3340 54 3762
776 54 1740
182 54 198
3396 54 3246
605 54 3762
838 54 453
104 54 1326
1954 54 3748
1231 54 2353
3586 54 3471
3060 54 376
493 54 1873
446 54 3616
1143 54 1838
2769 54 3109
2684 54 2851
3349 54 2211
35 54 2211
297 54 2677
2029 54 2563
401 54 3329
3428 54 2771
3027 54 347
1092 54 3028
937 54 545
2772 54 2305
187 54 1226
2502 54 915
1551 54 453
2341 54 3073
2126 54 558
1971 54 1331
2887 54 2537
126 54 2889
3192 54 2411
176 54 3423
3574 54 3278
785 54 1393
755 54 2306
2604 54 2147
1744 54 3680
2154 54 41
1931 54 2128
216 54 1774
757 54 3661
1343 54 2767
3722 54 1907
654 54 458
1617 54 1315
710 54 794
834 54 2872
3716 54 2555
3369 54 2681
2635 54 1168
552 54 1188
1151 54 2147
310 54 684
2323 54 1942
113 54 1043
147 54 2730
3464 54 1629
675 54 2090
2322 54 3680
1068 54 2667
503 54 41
2910 54 1168
811 54 1956
893 54 3524
3131 54 1043
729 54 3752
1916 54 1346
153 54 2940
1986 54 3680
1396 54 1412
20 54 1226
1754 54 3079
1746 54 1942
2523 54 2211
1607 54 2786
295 54 2940
2281 54 3762
1901 54 1104
981 54 2211
2847 54 1331
476 54 3616
1492 54 877
3557 54 218
3275 54 2001
2115 54 1085
896 54 1331
2293 54 2667
2783 54 198
2936 54 3762
171 54 903
830 54 684
3031 54 1224
2522 54 2411
870 54 2643
1810 54 558
2973 54 545
3209 54 1348
1893 54 2148
1859 54 2681
2871 54 3762
2663 54 3680
1861 54 1629
1872 54 2771
1655 54 155
835 54 3749
2417 54 2907
3433 54 1729
3756 54 1346
125 54 529
2991 54 3609
1962 54 2049
2256 54 3079
2465 54 304
2030 54 115
1067 54 2411
3110 54 3028
408 139 51
1175 139 2044
874 139 3572
2937 139 2029
408 139 1184
427 139 983
3235 139 3617
3257 139 1671
1823 139 3367
3303 139 1215
3257 139 1246
1581 139 1456
2134 139 1671
2752 139 1977
2600 139 3365
191 139 827
3140 139 1338
1793 139 852
1793 139 1646
2979 139 2276
1464 139 3767
477 139 90
3303 139 25
2402 139 1936
2031 139 3711
1124 139 1305
3058 139 1374
3257 139 1987
3250 139 1363
3257 139 731
145 139 1913
59 139 3172
3082 139 1248
3257 139 2839
1464 139 2051
2068 139 896
1770 139 2256
2596 139 2099
3250 139 2797
3211 139 273
408 139 1246
107 139 1037
2069 139 2966
2780 139 2848
3250 139 2904
1684 139 826
3257 139 245
1843 139 123
1963 139 1048
3467 139 1923
598 139 245
3649 139 2133
1793 139 2377
1164 139 3023
1350 139 3625
1522 139 480
1793 139 2175
2712 139 1116
874 139 3272
3058 139 2729
3512 139 1612
1448 139 491
3128 139 2421
243 139 3637
624 139 2519
874 139 2964
2780 139 3540
165 139 3394
2937 139 2276
477 139 3036
3700 139 2517
3482 211 1122
377 211 384
1488 211 1486
136 211 118
736 211 2540
2898 211 1119
200 211 1950
1251 211 3217
2501 211 1029
2727 211 2356
3643 211 1028
170 211 2781
2898 211 3059
6 211 3016
486 211 597
1500 211 928
3121 211 366
60 211 2964
2599 211 510
2989 211 3111
2373 211 3298
463 211 3175
3620 211 3298
1659 175 2989
1469 175 3266
97 175 3483
954 175 1737
396 175 2367
2855 175 2375
2423 175 2951
1659 175 1525
1157 175 473
2163 175 586
2650 175 2757
16 175 328
2715 175 3492
2570 175 2177
1120 175 675
2846 175 3273
1946 175 3697
1582 175 124
2981 175 146
1594 175 2939
1463 175 2894
3583 175 2568
518 175 895
3148 175 2226
2097 175 869
3583 175 3622
378 175 1944
533 175 2587
2855 175 938
3533 175 254
1582 175 1193
2194 175 2334
451 47 240
2383 47 3546
3404 47 3607
2961 47 240
578 47 240
1269 47 3244
1738 47 233
1243 47 240
956 47 3038
309 28 1111
255 28 1033
3001 28 1358
1945 28 2845
3648 28 2678
3751 28 429
2195 28 3713
2988 28 3229
1886 28 2294
2720 28 2358
568 28 1358
3490 28 947
2792 28 1378
550 28 573
411 28 2123
537 28 257
3495 28 219
288 28 1404
713 28 865
2668 28 67
1710 28 67
3665 28 2174
2957 28 2171
609 28 1515
1683 28 257
235 28 773
77 28 947
2977 18 1858
2845 18 1858
233 18 1858
3522 18 1858
990 18 1858
3771 18 1858
691 18 1858
1394 18 1858
3022 18 1858
2361 18 1858
2072 18 1858
3285 18 1858
1703 18 1858
696 18 1858
1888 18 1858
114 18 1858
582 18 1858
815 18 1858
2377 18 1858
3335 18 1858
2878 18 1858
2084 18 1858
2948 18 1858
74 18 1858
3125 18 1858
1699 18 1858
3646 18 1858
3206 18 1858
2440 18 1858
3415 18 1858
3319 18 1858
65 18 1858
2226 18 1858
3737 18 1858
1599 18 1858
1553 18 1858
429 18 1858
2325 18 1858
1251 18 1858
2151 18 1858
3174 18 1858
1580 18 1858
767 18 1858
2744 198 2909
629 198 3353
1884 198 137
3136 198 2376
1790 198 3030
653 198 2376
1663 198 659
3653 198 137
1906 198 3030
2251 198 2826
3623 198 3030
2155 198 2376
2458 198 137
1781 198 3353
2231 198 659
2435 198 651
3262 198 3030
2013 198 137
1573 198 15
2913 198 3353
1753 198 3030
945 198 2376
3435 198 3030
3431 198 659
226 198 659
1781 198 659
1993 198 4
1415 198 3353
1477 198 3030
2061 198 4
1511 198 3353
847 198 2745
2945 198 659
431 198 3353
2120 198 651
3154 198 2909
1943 198 3353
1690 198 137
1995 198 651
2193 198 1682
3093 198 986
3152 198 4
2040 198 3030
2837 198 137
336 198 3353
3529 198 2376
1918 198 3030
2248 198 2376
449 198 3030
847 198 137
2521 198 137
2622 198 1902
2139 198 3353
1401 198 137
472 198 4
48 198 1902
1270 198 2745
1270 198 672
3477 198 2376
17 198 3030
719 198 2908
754 198 4
2574 198 4
572 198 659
2688 131 330
1482 131 1213
2066 131 2755
3698 131 2410
3203 131 447
1337 131 645
1685 131 2483
3663 131 2436
2332 131 2510
1797 131 344
1722 131 2783
1722 131 2450
1820 131 1667
1482 131 65
718 131 2301
400 131 1020
1330 131 2213
1759 131 2317
2227 131 3374
3116 131 2421
2297 131 2697
2922 131 1830
2113 131 2778
2983 131 2351
1865 131 2210
1662 131 2549
400 131 3357
2688 131 1177
2214 131 783
2267 131 3502
1509 131 2774
1685 131 2965
1187 131 225
3092 200 1693
3021 200 1693
3047 200 1268
3602 200 1693
2900 200 1693
2209 200 1693
3169 200 306
2868 200 2064
3294 200 306
2316 200 1693
3283 200 1693
2230 200 306
1798 200 306
2446 200 1572
1875 200 1693
3456 200 1693
3517 200 1693
789 200 1693
3282 200 2799
749 200 1693
1121 200 3315
1261 200 306
1010 200 1693
1570 200 1693
2858 200 1693
1917 200 3594
3705 223 3515
1761 223 2516
2119 223 2017
3705 223 3133
2992 223 1439
2612 223 3695
3375 223 1273
2886 223 1758
428 223 1243
1518 223 2170
62 223 462
1008 223 1693
1392 223 2431
3112 223 2383
2886 223 2716
2026 223 3338
2859 223 2017
2886 223 1572
2982 223 2011
2992 223 3388
1779 223 1773
2026 223 192
3178 223 3315
2886 223 1723
1032 223 1693
1044 223 2032
3598 40 2959
2063 40 529
1211 40 3356
2193 40 1285
1233 40 3616
3259 40 41
2680 40 2041
3500 40 2940
2733 40 2142
2246 40 2395
3363 40 3762
634 40 3616
2413 40 1929
2437 40 3356
988 40 2076
3240 40 1544
863 40 497
746 40 1730
1695 40 115
2313 40 1629
3240 40 1929
14 40 841
2852 40 1935
3370 40 2692
1794 40 1774
2080 40 1449
2444 40 1449
1592 40 680
1595 40 3608
3710 40 2959
1742 40 920
2632 40 3668
3233 40 1988
884 40 2796
1583 40 2995
2264 140 2470
2699 140 706
2815 140 2754
1352 140 1975
1165 140 932
3362 140 1714
936 140 3263
2379 140 3201
3600 140 2916
2080 140 1777
3240 140 197
3081 140 3263
800 140 668
795 140 1035
959 140 1407
2919 140 668
969 140 2183
1895 140 1991
3125 140 3455
1082 140 1039
1401 140 668
1415 140 3566
2942 140 1736
506 140 3455
2535 140 668
595 140 950
3214 140 3263
1879 140 1823
3538 140 1714
1506 140 1407
2427 140 3430
1926 140 1407
2270 140 668
2806 140 1035
1769 140 1991
2422 140 1256
2645 140 1714
3560 140 3465
2159 140 1631
1416 140 1407
3283 140 2285
1171 140 3263
301 140 1714
1541 140 950
2265 140 900
884 140 668
2143 140 3263
861 140 443
2873 140 3263
2864 140 950
1171 140 3430
862 140 668
689 140 2285
965 140 706
3262 140 2470
1829 140 1714
1884 140 2285
1927 140 1407
1025 140 669
871 140 3263
2802 140 1932
2521 140 2794
3727 140 1991
2320 140 3430
1669 140 1407
1592 140 2605
2751 140 1035
3750 140 950
312 140 2912
1638 140 3263
2770 140 668
134 140 1991
787 140 950
2701 140 3263
2110 140 2285
1214 140 2912
724 140 1714
995 140 668
2614 140 1714
3311 140 668
1415 140 950
1091 140 1777
457 140 668
287 140 1476
2624 140 2912
810 140 2912
2741 79 2016
3287 79 2371
914 79 2659
632 79 3486
2073 79 2262
2595 79 2169
1667 79 2192
1667 79 2899
901 79 520
2740 79 3424
2073 79 2862
2641 79 2685
1667 79 117
2121 79 3313
266 79 916
2073 79 2335
1667 79 1275
323 79 1579
1667 79 538
1574 79 434
2121 79 2139
914 79 1632
3287 79 1957
3025 79 1542
266 79 231
3025 79 3127
3040 185 314
1391 185 314
2290 185 314
205 185 314
482 124 314
2047 124 314
792 124 314
3598 124 314
2246 124 314
3386 124 314
116 124 314
3693 124 314
2081 124 314
2582 124 314
1542 124 314
370 124 314
2422 124 314
3270 124 314
3 210 904
1860 210 843
1706 210 2467
2199 210 1808
71 210 3179
2606 210 103
1860 210 1265
2405 210 1115
616 210 1591
195 210 843
1070 210 1462
1921 210 1115
2405 210 103
1912 202 1132
1864 202 2224
3389 202 3545
921 202 2503
1454 202 913
342 202 3545
1135 154 50
2390 154 2108
1877 154 996
1135 154 996
989 154 45
2390 154 499
2046 154 1302
989 154 207
989 154 1102
2461 5 617
3654 5 634
3580 5 992
3571 5 2023
1108 5 1928
2776 5 2675
2307 5 1054
3563 5 1985
2274 5 2244
268 5 647
971 5 3345
2452 5 2598
1317 5 3691
3571 5 749
3624 5 214
3553 5 2623
3078 5 2675
1940 5 3143
156 5 3679
2355 5 2192
2136 5 2615
3186 5 298
2658 5 2463
2202 5 1812
1804 5 812
2824 5 2023
2580 5 1328
3535 5 3146
389 5 2354
742 5 1741
456 5 2088
1567 5 259
648 5 1054
2778 5 907
1359 5 2557
2466 5 2153
3321 5 2437
2203 5 657
2611 5 1879
1561 5 2063
2580 5 1110
517 5 1321
2 5 2146
3110 5 2675
3274 5 907
2 5 380
1057 5 1800
1679 5 209
2004 5 514
3577 5 1853
1012 5 1150
957 5 576
536 5 3041
1724 5 3068
3535 5 1137
2647 5 276
1819 5 3291
356 5 1031
2233 5 2420
1822 5 3520
1375 5 3254
1073 5 701
133 5 1327
2742 5 2875
1101 8 1826
2027 8 556
1197 8 2475
1992 8 67
3343 8 1847
1795 8 2070
3604 8 2528
1494 8 818
2869 227 1002
2328 227 475
1203 227 177
1718 227 1887
1109 227 2062
2639 227 1400
2357 227 1739
2492 116 311
941 116 2538
1298 116 3106
898 116 2586
3204 116 976
3445 116 3376
896 116 2676
2823 116 2694
1775 116 1255
123 116 3017
3741 116 1174
2840 116 3759
2552 116 3669
1020 116 3305
3204 116 2432
1250 116 1149
731 116 1994
1845 116 1074
2656 116 3305
1743 116 2690
1174 62 714
1174 62 2956
2690 62 1146
3225 62 864
3225 62 2963
2432 62 1848
1174 62 3089
2432 62 3542
1174 62 1534
3225 62 3080
2432 62 2854
1255 62 3075
1735 62 2682
1174 62 2030
3305 62 96
1174 62 468
2690 62 1245
976 62 1982
2432 62 2860
3225 62 1144
158 62 1363
23 62 3029
2299 71 1939
2038 71 1939
2234 71 1589
69 71 1939
1870 71 1939
394 71 1939
1329 71 1939
1972 71 1939
1126 71 1589
1057 71 1589
710 71 1939
2362 71 1939
807 71 1589
1642 71 1939
3104 71 1939
2902 71 1939
2381 71 1939
25 71 1939
1803 71 1939
3547 71 1939
1049 71 1939
1133 71 1939
3707 71 1939
3053 71 1939
1954 71 1939
164 71 1589
2029 71 1939
987 71 1939
423 71 1939
845 71 1939
1914 71 1939
3534 71 1939
2515 71 1589
308 71 1589
1516 71 1939
418 71 1939
1919 71 1939
1958 71 1939
1568 71 1939
3126 71 1589
435 71 1939
3681 71 1939
3497 71 1939
544 71 1939
2601 71 1939
989 25 2595
989 25 3271
1135 25 3505
2672 25 2620
2672 25 2494
817 25 432
989 25 3135
352 25 2122
1178 192 2388
2273 192 433
2071 192 984
1882 192 382
1869 192 2813
790 192 553
2698 192 390
3115 192 2565
1818 192 1751
2029 192 3193
1600 192 2853
836 192 1867
1368 192 1677
806 192 3593
2702 192 579
853 147 3084
2098 147 3463
2003 147 3084
315 147 3463
1915 31 1911
2872 31 1013
3109 31 361
2237 31 2824
2995 31 2245
3736 31 2944
2730 31 2993
1104 31 2085
1043 31 1034
879 31 1503
3565 31 2293
320 31 3355
185 31 1704
1417 31 125
27 31 3577
293 31 3640
1168 31 3586
64 31 803
1929 31 3231
1964 31 1198
3072 31 1755
2505 31 1501
2311 31 2566
3079 31 1598
3077 31 712
999 31 761
1085 31 1208
3356 31 1950
2730 31 2556
2041 31 2045
180 31 3673
1929 31 3307
2103 31 1185
3714 31 1996
2395 31 1471
2211 31 1309
554 31 2929
282 31 3115
3142 31 135
1854 31 522
2758 31 2849
1224 31 2234
3077 31 3160
512 31 561
2527 31 1370
833 31 991
1915 31 3193
471 31 3299
903 31 1066
3288 31 422
3531 31 2962
155 31 630
2931 31 3590
966 31 1491
3109 31 1834
1460 31 1144
3616 31 256
206 31 2879
1043 31 772
2931 31 174
3745 143 3461
1160 143 1693
1325 143 306
864 143 1693
1900 143 2383
2054 143 1693
2394 143 1314
2546 143 3129
2925 143 1693
1042 143 1693
2028 143 1558
2674 143 306
199 143 1693
3202 143 3706
1126 143 1693
3721 143 1693
2530 143 306
2895 143 3706
3351 143 1268
144 143 1973
1805 143 1693
1642 143 1693
3373 143 1314
3652 143 521
2994 143 1693
951 143 1693
3224 143 1558
3330 143 1693
2887 143 306
1060 143 1314
1259 143 1693
2652 143 1693
3183 143 886
2999 143 1693
2946 143 1693
1399 143 1693
960 143 1314
3317 143 1693
1122 143 2383
742 143 306
3373 143 306
3113 143 1314
870 143 1693
193 143 1693
565 143 1693
1398 143 1693
3596 143 1693
825 143 3594
771 143 1693
2589 143 3182
2212 156 1670
2125 64 1323
26 64 3561
2543 64 3518
21 64 2015
2980 64 3429
1576 64 3503
2125 64 130
1286 64 1692
1844 17 3114
994 17 3114
1172 17 3114
1721 137 2253
3140 137 1124
1889 137 515
3734 137 3257
1635 137 1581
145 137 2253
409 137 2777
2292 137 1581
2719 199 3731
2628 144 148
1850 53 2380
2830 216 2830
1127 216 1127
1300 216 1300
2185 216 2185
1287 216 1287
3223 224 280
1055 224 766
280 224 244
3305 224 2690
2627 129 3361
3436 129 2785
7 129 1738
2731 129 12
1609 129 3151
3253 129 2400
1564 129 927
3377 129 2508
257 129 2075
823 129 1697
210 129 1262
2359 129 3161
1443 129 2725
702 129 106
1691 129 3706
2679 129 814
1437 129 943
2856 129 414
345 129 419
1910 129 3712
1572 129 3129
3069 99 2967
2930 99 1182
1636 99 628
650 99 2479
1087 99 2339
1967 99 3076
247 99 3696
3166 7 314
1169 7 314
3013 7 314
3048 7 314
403 7 314
2122 101 2553
1504 101 3689
1974 101 661
186 101 661
3630 101 2834
644 101 3260
2591 101 2834
2756 101 2095
602 101 661
2448 101 3689
744 111 2453
3179 111 3706
519 111 1558
501 111 2141
1976 111 2340
3221 111 3315
989 59 3134
989 59 2735
248 59 3533
817 59 1123
2672 59 2855
817 59 2642
989 59 1289
817 59 2581
1860 34 2363
292 34 150
508 34 2199
1139 34 908
2387 34 1860
1070 34 1706
908 34 3279
1921 34 618
3085 80 3527
683 80 1779
89 80 1392
3046 80 3705
3086 80 151
2975 80 2364
1252 184 3015
2225 184 1265
873 184 2174
375 184 2020
363 184 1011
715 184 590
1021 184 1358
1308 184 530
1163 184 1358
3031 184 947
2190 184 556
325 184 1645
109 184 1624
3532 184 1989
3369 184 299
2580 184 386
319 184 904
2722 184 3444
3222 184 67
2472 184 753
3218 184 596
885 184 499
2229 184 67
2638 184 840
1903 184 3605
3326 184 1115
860 184 1207
339 184 2409
631 184 1825
424 184 3004
2857 184 334
3450 184 2123
1848 184 3614
883 184 106
355 184 67
2634 184 1990
271 184 2078
2588 184 1281
2867 184 823
688 184 3554
269 184 1358
3056 184 178
585 191 2368
202 191 1909
2728 119 1117
2644 119 518
1105 119 3630
3472 119 1446
1565 119 3398
1016 119 2855
3472 119 2763
1410 119 2708
2785 76 1383
2032 76 2975
2961 76 2975
3594 76 2746
414 76 267
1205 76 1080
2064 76 3046
3315 76 2116
306 76 1383
414 76 3138
439 76 507
3628 76 1080
929 90 3594
489 90 1273
489 90 345
2280 213 527
1698 213 1642
2960 213 2034
2960 213 804
1726 213 1491
2671 213 3427
2280 213 1958
1734 213 2655
1734 213 3256
3555 213 484
3050 213 1569
1726 213 2703
2960 213 793
1433 213 2350
1674 213 3326
2960 213 1215
2960 213 2714
1333 213 1480
993 213 2565
3555 213 1610
3213 213 1465
2960 213 2438
1726 213 1438
1726 213 2186
1687 205 1080
3083 205 998
1273 205 89
306 205 3416
414 205 3099
2661 205 3265
3706 205 1411
501 205 2709
1572 44 1345
1497 44 80
2056 44 80
2744 149 2027
1473 149 2783
2422 149 3704
3494 149 133
2690 234 1202
236 234 311
2432 234 720
1074 234 230
788 234 2924
890 234 1735
3106 234 1280
3106 234 720
3686 234 2617
2538 234 158
3376 234 3759
2541 234 2166
3305 234 2676
1994 234 436
230 234 1074
3376 234 3473
217 234 2043
2043 234 2915
636 234 280
2676 234 1235
221 234 528
23 234 1994
158 234 1128
2915 234 636
2690 234 655
3106 234 1089
1731 234 1966
919 234 2538
1789 234 2432
2541 234 734
3269 234 625
3267 234 3305
694 234 98
3305 234 3225
1436 234 98
1089 234 2166
3225 234 1892
694 234 2694
889 81 42
3393 81 2127
1602 81 491
1183 81 188
2109 81 1409
2478 81 1186
2254 81 864
2673 81 1229
2104 81 2051
2881 81 1456
2478 81 1176
3310 81 3542
2109 81 2018
10 81 2923
1680 81 2219
2822 81 2566
2003 81 1527
2822 81 156
889 81 3107
525 81 3189
2760 81 2330
68 81 2386
1219 81 1612
1221 81 1320
3310 81 1869
2673 81 3308
858 81 3753
1961 73 2848
1804 73 1961
2385 73 3756
423 73 147
796 73 2370
3760 73 1152
3158 73 601
2569 73 1356
3720 73 3062
1867 73 1178
2584 73 1772
1585 73 1788
403 73 3191
1804 73 413
3124 218 1426
163 56 2480
2773 56 3336
2514 56 2331
1951 163 2493
3245 163 2493
3234 163 2493
38 163 2493
2876 163 866
2654 226 2654
602 226 602
2057 226 2057
593 226 593
2981 226 2981
2450 51 1376
1525 51 3556
2000 51 3556
1588 51 1148
2009 51 917
3340 51 3754
2172 51 3441
286 51 2534
3550 51 3754
164 51 2726
341 51 1376
3382 51 917
3742 51 3219
2838 32 1728
1240 32 947
2969 32 3229
588 32 3448
3585 32 2524
2700 32 3347
97 32 490
1295 32 1358
1933 32 2447
2435 133 2035
2892 133 3381
2685 133 2378
760 133 3268
1159 133 95
1546 133 1776
3108 133 808
1131 133 592
1094 133 623
2324 133 1832
1696 133 3395
2143 133 1867
2429 133 2346
2957 170 1643
2833 170 1643
1611 170 1643
3330 170 1643
416 170 1643
3744 170 1643
3470 170 1643
583 170 1643
3091 170 1643
2759 170 1643
1978 170 1643
3400 170 1643
359 170 1643
1090 170 1643
3758 170 1643
1046 170 1643
2042 170 1643
3144 170 1643
2860 170 1643
867 170 1643
3019 170 682
1450 170 1643
3100 170 1643
129 170 1643
2634 170 682
3337 170 1643
3442 170 1643
143 170 1643
1186 170 1643
2766 170 1643
539 170 1643
2465 170 1643
1368 170 1643
2871 170 1643
2947 170 1643
2260 167 1000
1347 167 2073
1778 167 2396
1766 167 1667
1871 167 3541
1960 167 3541
2637 167 1065
2880 167 1097
849 167 3025
3763 167 1720
215 167 2396
899 167 3005
2636 167 58
1010 167 266
362 167 3632
1415 167 2740
430 167 3188
1693 45 685
2480 45 2433
1693 45 709
1693 45 1584
1693 45 909
1427 212 1713
3519 212 3095
2404 212 1440
1762 100 593
2509 100 1659
3478 100 2360
1586 100 1190
3066 100 173
3478 100 1852
3066 100 934
2896 100 956
2579 100 1310
3066 100 2188
3198 100 161
3198 100 533
2200 100 2331
3198 100 3137
2200 100 3130
3568 100 1377
3020 100 2954
2509 100 626
3066 100 3499
3568 100 1792
3568 100 3439
3402 100 2425
504 100 2176
2579 100 3168
2896 100 3589
3644 100 2621
2896 100 1117
1415 35 577
3093 35 652
17 35 2626
54 134 1524
2541 193 531
1966 193 2137
2043 193 101
2455 193 1647
3061 193 2421
3225 193 3468
3061 193 2266
1994 193 3117
2690 193 51
158 193 2266
1129 193 566
2043 193 3177
2043 193 60
2694 193 2191
2455 193 526
3255 58 1626
3676 58 3551
1925 182 828
3554 182 1047
2747 182 1361
279 182 1765
2897 29 2834
3451 29 661
1828 29 2304
740 29 3260
1519 29 2449
2048 29 2304
740 29 2938
2710 29 1839
2976 179 2773
291 179 2602
2093 179 3501
2728 179 2891
1639 179 1881
1719 96 805
440 96 1428
907 96 1968
1217 96 1641
284 96 738
3094 96 1878
1223 96 2158
1105 208 326
1601 208 326
2734 173 977
3639 24 3114
246 24 3114
3673 24 2112
637 24 1179
1897 24 3114
1095 24 3114
1763 24 3114
3197 24 3199
77 24 3114
1194 221 242
2621 221 1948
396 221 1402
2118 221 318
2366 221 791
887 221 2221
2024 221 1318
557 221 2241
518 221 2221
402 221 1618
3328 221 2241
1257 221 1948
3419 221 1414
3034 221 791
1904 221 3475
764 221 318
2855 221 2743
1120 221 2183
3334 221 1948
2037 221 650
2621 221 318
1086 221 791
1003 221 3621
420 221 2241
29 221 2743
1750 221 2349
1052 221 1806
396 221 2921
3419 221 128
2033 221 791
3206 221 128
1446 221 2221
486 77 2582
2035 77 1170
1208 77 86
3687 77 2905
1648 77 1019
486 77 3159
460 77 3692
3052 77 1382
502 46 2257
1084 46 2271
1482 46 1528
162 46 1742
2441 46 1702
2227 46 1459
2297 46 1510
2156 46 2231
1759 46 2764
549 46 758
1482 46 505
1965 158 1080
66 158 2709
1032 158 3265
442 153 516
2087 153 2693
1863 225 67
2539 225 3284
3281 225 1493
3703 225 1621
1885 225 67
1760 225 1681
555 225 2914
3763 225 67
1605 225 317
3152 225 843
1513 225 1358
3258 88 398
407 88 3566
1336 88 1714
1981 88 619
2624 88 669
3420 88 668
464 88 3009
1145 88 2662
2354 88 1239
1015 88 2912
53 88 2916
2829 206 314
2454 206 314
575 206 1593
1447 206 1593
61 222 1831
1441 222 2067
2287 222 3212
212 222 762
272 222 762
3633 222 3331
93 222 2393
2005 222 867
43 230 1524
1622 230 1524
1467 37 1241
1434 37 1241
1064 37 2300
1079 36 2970
2579 36 2221
3568 36 3539
3066 36 650
3261 36 1130
3066 36 2499
2689 42 2968
3485 236 3636
3691 151 3558
487 151 3761
3443 151 3761
959 151 3761
3635 16 1937
5 16 1628
589 16 3147
357 16 338
371 16 562
872 16 3272
91 16 3677
450 16 364
57 16 3723
32 16 2277
152 16 3322
1454 74 2205
2876 74 1406
1249 74 2205
342 74 1132
844 74 2352
930 74 2352
247 19 2809
1462 19 2809
1479 19 2809
190 19 2809
447 118 3496
363 118 2275
703 148 1815
1785 148 1815
1385 148 1815
1553 148 1815
1173 148 1815
3732 148 1815
534 148 1815
1218 148 1815
1071 148 1815
779 195 1292
2803 195 1225
2803 195 368
184 150 2386
3628 150 857
2010 150 3205
2795 150 1600
3316 196 1914
2152 196 92
532 196 3301
2369 196 509
918 30 2512
3487 30 882
799 30 3368
2491 30 882
2079 30 3562
1712 30 1147
600 30 882
1463 30 3368
2982 214 3071
2329 120 2797
3010 69 28
2157 69 1424
2201 69 3605
3055 82 314
3549 82 314
3398 82 314
1272 106 314
2149 106 314
1502 135 1403
63 135 1206
469 135 46
2242 135 3385
63 135 1849
63 135 2732
1502 135 488
1132 135 1543
63 135 571
1507 135 3190
469 135 978
63 135 1619
3397 135 264
469 135 2249
469 135 1846
3545 135 1371
913 135 277
469 135 3460
1502 135 417
1502 135 574
63 135 1234
220 135 1196
1153 135 535
63 135 452
63 135 1388
2603 135 1752
2928 135 2291
1502 135 2249
0 135 930
1502 135 780
469 135 313
1502 135 285
1502 135 1053
1507 135 570
1502 135 3564
2232 125 2768
183 125 414
247 125 3515
1984 125 2707
2101 85 470
3264 232 1693
667 232 2431
2345 232 306
3014 232 1314
3333 232 3315
1847 232 1572
480 130 1994
2484 130 2455
2161 130 2432
2336 130 1129
3348 130 3149
2987 130 976
1088 130 2432
3306 130 2432
3674 38 1773
1747 38 3594
2738 38 2799
2091 229 660
120 229 580
2419 229 2808
350 229 2206
3341 229 2647
472 229 3449
238 229 3357
2821 229 580
2779 3 3724
3770 3 1666
1780 3 1787
1532 3 1666
822 3 1625
822 3 551
2800 3 2496
859 3 569
1540 3 3292
2180 3 1787
3220 3 3101
2107 105 2721
832 105 102
958 215 314
1998 72 1673
3037 72 2653
3230 72 3738
591 157 284
1114 157 3438
2695 157 591
1041 157 846
1216 188 1652
3012 41 2467
2188 41 2399
1578 41 2021
679 41 1115
3150 41 3605
559 41 2400
1390 41 702
2008 41 1115
1313 146 1059
1296 78 122
824 78 321
270 78 36
65 78 2882
542 48 542
2184 48 2184
3022 48 3022
704 48 704
1083 48 1083
3354 57 2039
2787 52 3155
47 52 2012
1455 52 3155
224 52 2238
3165 52 1254
3229 52 2144
2811 152 2296
1640 189 3232
1453 189 3706
3682 189 3605
716 189 2890
3054 164 1693
2799 95 3628
1693 95 798
613 95 2513
306 95 3706
1896 95 3706
2961 95 2856
353 95 2738
1366 186 3699
3513 186 300
1833 97 940
3730 97 940
3309 97 942
1011 97 2477
1199 97 2477
733 97 2477
843 97 3641
3706 97 2616
85 97 942
1408 97 940
3764 97 2477
1620 97 2477
3384 97 2477
1283 97 2426
1520 83 167
784 83 700
1799 83 3622
479 83 1405
739 70 1842
2550 70 1227
998 136 2017
998 136 3718
2975 136 168
492 136 169
2975 136 3436
3304 60 159
2782 60 622
1552 60 678
3447 141 1469
3683 141 1709
2326 141 2331
2739 1 1693
3445 1 1432
1637 1 855
2071 1 106
3679 1 530
801 1 2164
1643 160 2456
1643 160 1210
1643 160 3491
1643 160 1472
1643 160 3035
3157 138 3227
483 138 1380
494 169 3120
2189 169 1247
3525 169 947
3573 169 2157
125 159 964
979 159 2136
3432 6 2784
3033 142 1056
547 142 314
2920 142 314
2197 142 314
954 109 3575
2687 233 2383
2687 233 3695
3162 183 0
342 183 2503
3610 183 1890
1633 183 2352
813 183 1406
2955 114 2282
627 114 1420
3276 114 3498
2578 114 1953
1708 114 1006
3086 235 80
2861 50 2629
172 50 253
2981 50 730
2325 50 730
3571 22 1261
3046 168 3747
3046 168 946
395 168 3375
228 168 1008
1748 168 3705
2310 66 444
100 11 3740
3735 11 1372
3735 11 3241
494 11 2507
139 49 2455
3318 49 2694
2205 178 0
2994 115 989
498 219 2352
1130 86 2608
1964 102 2791
1118 67 3383
3372 67 3042
2162 67 1980
2545 39 110
2354 43 1693
3247 43 2240
741 43 1693
1851 194 3687
2558 194 2750
2436 103 1297
2221 20 791
2921 20 128
2239 20 128
3066 33 1538
3066 33 2713
3066 33 698
1062 13 331
1274 107 56
2841 107 56
387 84 2084
1782 84 1208
3601 84 2544
3139 84 640
1418 174 1693
576 174 1693
1125 126 3709
708 126 2278
45 217 1717
2991 121 401
105 171 2387
240 27 775
3312 27 242
1715 113 1505
1661 176 2312
3488 15 1786
1329 128 1141
2607 203 1058
3634 203 3180
426 2 2603
3096 10 2187
37 92 314
2022 161 3458
1680 161 3320
19 21 314
3002 181 633
1337 204 2791
1180 177 821
1554 108 1850
3200 108 1850
2576 63 314
3555 228 1959
3555 228 3454
777 87 33
3537 180 751
2181 93 239
2516 165 728
1693 165 2240
1435 155 314
3043 155 314
1883 207 3405
2187 166 3114
37 166 2239
1645 14 666
2135 65 241
3280 220 1458
2343 220 947
44 220 2761
3585 12 1593
1816 162 2817
2624 98 1353
1711 23 2790
1022 122 3032
117 132 209
1386 132 3424
1941 117 1279
2403 68 3114
39 123 2417
1253 145 314
2915 187 1735
2310 110 1693
